[gd_resource type="SkeletonProfile" format=3 uid="uid://da8hr6nyqdry8"]

[resource]
group_size = 1
bone_size = 81
groups/0/group_name = &""
bones/0/bone_name = &"Spine1"
bones/0/bone_parent = &""
bones/0/tail_direction = 0
bones/0/reference_pose = Transform3D(1, 0, 2.38419e-07, 0, 1, 0, -2.38419e-07, 0, 1, 0, -0.401713, 0)
bones/0/handle_offset = Vector2(0.5, 0.492866)
bones/0/group = &""
bones/0/require = false
bones/1/bone_name = &"Spine2"
bones/1/bone_parent = &"Spine1"
bones/1/tail_direction = 0
bones/1/reference_pose = Transform3D(1, 0, 0, 0, 1, 0, 0, 0, 1, 0, 0.393485, 0)
bones/1/handle_offset = Vector2(0.5, 0.481798)
bones/1/group = &""
bones/1/require = false
bones/2/bone_name = &"Head1_l"
bones/2/bone_parent = &"Spine2"
bones/2/tail_direction = 0
bones/2/reference_pose = Transform3D(0.642612, 0.568903, 0.513224, -0.766192, 0.477144, 0.430445, -1.49012e-07, -0.669837, 0.742508, 0, 0.393485, 0)
bones/2/handle_offset = Vector2(0.5, 0.47073)
bones/2/group = &""
bones/2/require = false
bones/3/bone_name = &"Head2_l"
bones/3/bone_parent = &"Head1_l"
bones/3/tail_direction = 0
bones/3/reference_pose = Transform3D(0.99417, -0.102753, -0.0326842, 0.0963824, 0.982745, -0.157865, 0.0483415, 0.153795, 0.98692, 1.32081e-08, 0.663324, -1.49012e-08)
bones/3/handle_offset = Vector2(0.510615, 0.461828)
bones/3/group = &""
bones/3/require = false
bones/4/bone_name = &"TipH_l"
bones/4/bone_parent = &"Head2_l"
bones/4/tail_direction = 0
bones/4/reference_pose = Transform3D(0.986867, 0.0748566, -0.143145, -0.0956123, 0.984933, -0.144105, 0.130201, 0.155899, 0.979154, -3.72529e-09, 0.436284, -3.72529e-09)
bones/4/handle_offset = Vector2(0.517634, 0.454295)
bones/4/group = &""
bones/4/require = false
bones/5/bone_name = &"Head1_r"
bones/5/bone_parent = &"Spine2"
bones/5/tail_direction = 0
bones/5/reference_pose = Transform3D(0.642612, -0.568903, -0.513224, 0.766192, 0.477144, 0.430445, 4.47035e-07, -0.669838, 0.742508, 0, 0.393485, 0)
bones/5/handle_offset = Vector2(0.5, 0.47073)
bones/5/group = &""
bones/5/require = false
bones/6/bone_name = &"Head2_r"
bones/6/bone_parent = &"Head1_r"
bones/6/tail_direction = 0
bones/6/reference_pose = Transform3D(0.99417, 0.102753, 0.0326844, -0.0963823, 0.982745, -0.157865, -0.0483416, 0.153795, 0.98692, -4.63124e-08, 0.663324, -5.96046e-08)
bones/6/handle_offset = Vector2(0.489385, 0.461828)
bones/6/group = &""
bones/6/require = false
bones/7/bone_name = &"TipH_r"
bones/7/bone_parent = &"Head2_r"
bones/7/tail_direction = 0
bones/7/reference_pose = Transform3D(0.986867, -0.0748565, 0.143145, 0.0956122, 0.984933, -0.144105, -0.130201, 0.155899, 0.979154, 6.51926e-08, 0.436284, 8.56817e-08)
bones/7/handle_offset = Vector2(0.482366, 0.454295)
bones/7/group = &""
bones/7/require = false
bones/8/bone_name = &"Shoulder_l"
bones/8/bone_parent = &"Spine1"
bones/8/tail_direction = 0
bones/8/reference_pose = Transform3D(0.00609744, 0.999981, -2.35774e-07, -0.999981, 0.00609744, -5.68105e-07, -5.66657e-07, 2.39233e-07, 1, 0, 0.393485, 0)
bones/8/handle_offset = Vector2(0.5, 0.481798)
bones/8/group = &""
bones/8/require = false
bones/9/bone_name = &"Arm1_l"
bones/9/bone_parent = &"Shoulder_l"
bones/9/tail_direction = 0
bones/9/reference_pose = Transform3D(0.99999, 0.00443508, -7.49247e-07, -0.00443508, 0.99999, 1.35948e-07, 7.49842e-07, -1.32624e-07, 1, -2.32831e-10, 0.998215, -5.55112e-16)
bones/9/handle_offset = Vector2(0.528077, 0.481627)
bones/9/group = &""
bones/9/require = false
bones/10/bone_name = &"Arm2_l"
bones/10/bone_parent = &"Arm1_l"
bones/10/tail_direction = 0
bones/10/reference_pose = Transform3D(0.999996, 0.0029968, 1.2178e-07, -0.00299679, 0.999996, -1.33966e-07, -1.22181e-07, 1.336e-07, 1, 1.45495e-10, 0.998595, 8.5626e-15)
bones/10/handle_offset = Vector2(0.556166, 0.481581)
bones/10/group = &""
bones/10/require = false
bones/11/bone_name = &"Arm3_l"
bones/11/bone_parent = &"Arm2_l"
bones/11/tail_direction = 0
bones/11/reference_pose = Transform3D(1, 0.000756762, -7.36794e-07, -0.000756762, 1, 7.04651e-10, 7.36795e-07, -1.47073e-10, 1, -2.32839e-10, 1.00018, 6.70991e-15)
bones/11/handle_offset = Vector2(0.584299, 0.481618)
bones/11/group = &""
bones/11/require = false
bones/12/bone_name = &"Arm4_l"
bones/12/bone_parent = &"Arm3_l"
bones/12/tail_direction = 0
bones/12/reference_pose = Transform3D(0.999992, -0.0039513, 4.73234e-07, 0.0039513, 0.999992, -1.8092e-09, -4.73223e-07, 3.67907e-09, 1, -4.65768e-10, 1.00235, -6.66134e-15)
bones/12/handle_offset = Vector2(0.612493, 0.481677)
bones/12/group = &""
bones/12/require = false
bones/13/bone_name = &"Arm5_l"
bones/13/bone_parent = &"Arm4_l"
bones/13/tail_direction = 0
bones/13/reference_pose = Transform3D(1, 2.93641e-05, 2.007e-07, -2.93641e-05, 1, 7.55156e-12, -2.007e-07, -1.34449e-11, 1, 4.65618e-10, 0.990399, -5.44009e-15)
bones/13/handle_offset = Vector2(0.640351, 0.481625)
bones/13/group = &""
bones/13/require = false
bones/14/bone_name = &"Arm6_l"
bones/14/bone_parent = &"Arm5_l"
bones/14/tail_direction = 0
bones/14/reference_pose = Transform3D(0.999929, 0.0119335, -1.87286e-07, -0.0119335, 0.999929, 5.30435e-09, 1.87336e-07, -3.06901e-09, 1, -7.56716e-10, 1.00628, -1.07987e-14)
bones/14/handle_offset = Vector2(0.668656, 0.481573)
bones/14/group = &""
bones/14/require = false
bones/15/bone_name = &"Arm7_l"
bones/15/bone_parent = &"Arm6_l"
bones/15/tail_direction = 0
bones/15/reference_pose = Transform3D(0.999835, -0.0181663, -1.76861e-07, 0.0181663, 0.999835, -1.12896e-08, 1.77037e-07, 8.07483e-09, 1, 9.31281e-10, 0.993625, -1.33227e-15)
bones/15/handle_offset = Vector2(0.696603, 0.481856)
bones/15/group = &""
bones/15/require = false
bones/16/bone_name = &"Arm8_l"
bones/16/bone_parent = &"Arm7_l"
bones/16/tail_direction = 0
bones/16/reference_pose = Transform3D(0.999967, 0.00806425, -6.52136e-08, -0.00806425, 0.999967, 5.53768e-09, 6.52562e-08, -5.0116e-09, 1, -3.95819e-09, 1.01635, 1.31006e-14)
bones/16/handle_offset = Vector2(0.725191, 0.481625)
bones/16/group = &""
bones/16/require = false
bones/17/bone_name = &"Arm9_l"
bones/17/bone_parent = &"Arm8_l"
bones/17/tail_direction = 0
bones/17/reference_pose = Transform3D(0.999966, -0.00819645, 1.83519e-07, 0.00819645, 0.999967, -4.12438e-09, -1.83479e-07, 5.62845e-09, 1, -9.56978e-14, 0.983536, 1.10554e-15)
bones/17/handle_offset = Vector2(0.752856, 0.481625)
bones/17/group = &""
bones/17/require = false
bones/18/bone_name = &"Arm10_l"
bones/18/bone_parent = &"Arm9_l"
bones/18/tail_direction = 0
bones/18/reference_pose = Transform3D(0.999966, 0.00819644, 2.93342e-07, -0.00819644, 0.999966, 1.72008e-09, -2.93318e-07, -4.12438e-09, 1, -3.72534e-09, 0.999962, -3.33067e-15)
bones/18/handle_offset = Vector2(0.780982, 0.481395)
bones/18/group = &""
bones/18/require = false
bones/19/bone_name = &"Arm11_l"
bones/19/bone_parent = &"Arm10_l"
bones/19/tail_direction = 0
bones/19/reference_pose = Transform3D(0.999978, 0.00663244, 8.06228e-08, -0.00663244, 0.999978, 8.57163e-10, -8.06153e-08, -1.39187e-09, 1, -2.37255e-12, 1.00812, 5.30409e-15)
bones/19/handle_offset = Vector2(0.809338, 0.481395)
bones/19/group = &""
bones/19/require = false
bones/20/bone_name = &"Arm12_l"
bones/20/bone_parent = &"Arm11_l"
bones/20/tail_direction = 0
bones/20/reference_pose = Transform3D(0.999995, 0.00319684, 3.432e-07, -0.00319684, 0.999995, -6.84021e-10, -3.432e-07, -4.13138e-10, 1, 4.77303e-09, 0.996265, -9.21138e-15)
bones/20/handle_offset = Vector2(0.837361, 0.481581)
bones/20/group = &""
bones/20/require = false
bones/21/bone_name = &"Arm13_l"
bones/21/bone_parent = &"Arm12_l"
bones/21/tail_direction = 0
bones/21/reference_pose = Transform3D(0.999887, -0.0150467, -2.52862e-07, 0.0150467, 0.999887, -5.85342e-10, 2.52842e-07, -3.21947e-09, 1, 1.86269e-09, 0.995465, -1.33227e-15)
bones/21/handle_offset = Vector2(0.86536, 0.481856)
bones/21/group = &""
bones/21/require = false
bones/22/bone_name = &"Arm14_l"
bones/22/bone_parent = &"Arm13_l"
bones/22/tail_direction = 0
bones/22/reference_pose = Transform3D(0.999993, 0.00363189, -3.10241e-07, -0.00363189, 0.999994, 1.26804e-09, 3.10244e-07, -1.41273e-10, 1, -5.12226e-09, 1.01055, 4.66294e-15)
bones/22/handle_offset = Vector2(0.893784, 0.481707)
bones/22/group = &""
bones/22/require = false
bones/23/bone_name = &"Hand1_l"
bones/23/bone_parent = &"Arm14_l"
bones/23/tail_direction = 0
bones/23/reference_pose = Transform3D(0.999985, 0.00550429, -1.89633e-07, -0.00550429, 0.999985, 2.96568e-09, 1.89647e-07, -1.92183e-09, 1, -2.32859e-10, 1.00152, 7.21645e-15)
bones/23/handle_offset = Vector2(0.921955, 0.481663)
bones/23/group = &""
bones/23/require = false
bones/24/bone_name = &"Hand2_l"
bones/24/bone_parent = &"Hand1_l"
bones/24/tail_direction = 0
bones/24/reference_pose = Transform3D(0.999999, 0.00137042, 7.22938e-07, -0.00137042, 0.999999, -2.5239e-10, -7.22937e-07, -7.3834e-10, 1, 9.31268e-10, 0.572724, 1.08802e-14)
bones/24/handle_offset = Vector2(0.938065, 0.481726)
bones/24/group = &""
bones/24/require = false
bones/25/bone_name = &"Tip_l"
bones/25/bone_parent = &"Hand2_l"
bones/25/tail_direction = 0
bones/25/reference_pose = Transform3D(0.999986, -0.00528866, -3.94005e-07, 0.00528866, 0.999986, -1.10986e-09, 3.94005e-07, -9.73912e-10, 1, 6.5193e-09, 0.424319, 5.9952e-15)
bones/25/handle_offset = Vector2(0.95, 0.481789)
bones/25/group = &""
bones/25/require = false
bones/26/bone_name = &"Shoulder_r"
bones/26/bone_parent = &"Spine1"
bones/26/tail_direction = 0
bones/26/reference_pose = Transform3D(0.00609744, -0.999981, -2.41063e-07, 0.999981, 0.00609744, -5.68105e-07, 5.69564e-07, -2.37595e-07, 1, 0, 0.393485, 0)
bones/26/handle_offset = Vector2(0.5, 0.481798)
bones/26/group = &""
bones/26/require = false
bones/27/bone_name = &"Arm1_r"
bones/27/bone_parent = &"Shoulder_r"
bones/27/tail_direction = 0
bones/27/reference_pose = Transform3D(0.99999, -0.00443508, 7.49247e-07, 0.00443508, 0.99999, 1.35948e-07, -7.49842e-07, -1.32624e-07, 1, 2.32831e-10, 0.998215, -5.55112e-16)
bones/27/handle_offset = Vector2(0.471923, 0.481627)
bones/27/group = &""
bones/27/require = false
bones/28/bone_name = &"Arm2_r"
bones/28/bone_parent = &"Arm1_r"
bones/28/tail_direction = 0
bones/28/reference_pose = Transform3D(0.999996, -0.0029968, -1.2178e-07, 0.00299679, 0.999996, -1.33966e-07, 1.22181e-07, 1.336e-07, 1, -1.45495e-10, 0.998595, 8.5626e-15)
bones/28/handle_offset = Vector2(0.443834, 0.481581)
bones/28/group = &""
bones/28/require = false
bones/29/bone_name = &"Arm3_r"
bones/29/bone_parent = &"Arm2_r"
bones/29/tail_direction = 0
bones/29/reference_pose = Transform3D(1, -0.000756762, 7.36794e-07, 0.000756762, 1, 7.04651e-10, -7.36795e-07, -1.47073e-10, 1, 2.32839e-10, 1.00018, 6.70991e-15)
bones/29/handle_offset = Vector2(0.415701, 0.481618)
bones/29/group = &""
bones/29/require = false
bones/30/bone_name = &"Arm4_r"
bones/30/bone_parent = &"Arm3_r"
bones/30/tail_direction = 0
bones/30/reference_pose = Transform3D(0.999992, 0.0039513, -4.73234e-07, -0.0039513, 0.999992, -1.8092e-09, 4.73223e-07, 3.67907e-09, 1, 4.65768e-10, 1.00235, -6.66134e-15)
bones/30/handle_offset = Vector2(0.387507, 0.481677)
bones/30/group = &""
bones/30/require = false
bones/31/bone_name = &"Arm5_r"
bones/31/bone_parent = &"Arm4_r"
bones/31/tail_direction = 0
bones/31/reference_pose = Transform3D(1, -2.93641e-05, -2.007e-07, 2.93641e-05, 1, 7.55156e-12, 2.007e-07, -1.34449e-11, 1, -4.65618e-10, 0.990399, -5.44009e-15)
bones/31/handle_offset = Vector2(0.359649, 0.481625)
bones/31/group = &""
bones/31/require = false
bones/32/bone_name = &"Arm6_r"
bones/32/bone_parent = &"Arm5_r"
bones/32/tail_direction = 0
bones/32/reference_pose = Transform3D(0.999929, -0.0119335, 1.87286e-07, 0.0119335, 0.999929, 5.30435e-09, -1.87336e-07, -3.06901e-09, 1, 7.56716e-10, 1.00628, -1.07987e-14)
bones/32/handle_offset = Vector2(0.331344, 0.481573)
bones/32/group = &""
bones/32/require = false
bones/33/bone_name = &"Arm7_r"
bones/33/bone_parent = &"Arm6_r"
bones/33/tail_direction = 0
bones/33/reference_pose = Transform3D(0.999835, 0.0181663, 1.76861e-07, -0.0181663, 0.999835, -1.12896e-08, -1.77037e-07, 8.07483e-09, 1, -9.31281e-10, 0.993625, -1.33227e-15)
bones/33/handle_offset = Vector2(0.303397, 0.481856)
bones/33/group = &""
bones/33/require = false
bones/34/bone_name = &"Arm8_r"
bones/34/bone_parent = &"Arm7_r"
bones/34/tail_direction = 0
bones/34/reference_pose = Transform3D(0.999967, -0.00806425, 6.52136e-08, 0.00806425, 0.999967, 5.53768e-09, -6.52562e-08, -5.0116e-09, 1, 3.95819e-09, 1.01635, 1.31006e-14)
bones/34/handle_offset = Vector2(0.274809, 0.481625)
bones/34/group = &""
bones/34/require = false
bones/35/bone_name = &"Arm9_r"
bones/35/bone_parent = &"Arm8_r"
bones/35/tail_direction = 0
bones/35/reference_pose = Transform3D(0.999966, 0.00819645, -1.83519e-07, -0.00819645, 0.999967, -4.12438e-09, 1.83479e-07, 5.62845e-09, 1, 9.56978e-14, 0.983536, 1.10554e-15)
bones/35/handle_offset = Vector2(0.247144, 0.481625)
bones/35/group = &""
bones/35/require = false
bones/36/bone_name = &"Arm10_r"
bones/36/bone_parent = &"Arm9_r"
bones/36/tail_direction = 0
bones/36/reference_pose = Transform3D(0.999966, -0.00819644, -2.93342e-07, 0.00819644, 0.999966, 1.72008e-09, 2.93318e-07, -4.12438e-09, 1, 3.72534e-09, 0.999962, -3.33067e-15)
bones/36/handle_offset = Vector2(0.219018, 0.481395)
bones/36/group = &""
bones/36/require = false
bones/37/bone_name = &"Arm11_r"
bones/37/bone_parent = &"Arm10_r"
bones/37/tail_direction = 0
bones/37/reference_pose = Transform3D(0.999978, -0.00663244, -8.06228e-08, 0.00663244, 0.999978, 8.57163e-10, 8.06153e-08, -1.39187e-09, 1, 2.37255e-12, 1.00812, 5.30409e-15)
bones/37/handle_offset = Vector2(0.190662, 0.481395)
bones/37/group = &""
bones/37/require = false
bones/38/bone_name = &"Arm12_r"
bones/38/bone_parent = &"Arm11_r"
bones/38/tail_direction = 0
bones/38/reference_pose = Transform3D(0.999995, -0.00319684, -3.43199e-07, 0.00319684, 0.999995, -6.84021e-10, 3.432e-07, -4.13138e-10, 1, -4.77303e-09, 0.996265, -9.21138e-15)
bones/38/handle_offset = Vector2(0.162639, 0.481581)
bones/38/group = &""
bones/38/require = false
bones/39/bone_name = &"Arm13_r"
bones/39/bone_parent = &"Arm12_r"
bones/39/tail_direction = 0
bones/39/reference_pose = Transform3D(0.999887, 0.0150467, 2.52862e-07, -0.0150467, 0.999887, -5.85342e-10, -2.52842e-07, -3.21947e-09, 1, -1.86269e-09, 0.995465, 1.28786e-14)
bones/39/handle_offset = Vector2(0.13464, 0.481856)
bones/39/group = &""
bones/39/require = false
bones/40/bone_name = &"Arm14_r"
bones/40/bone_parent = &"Arm13_r"
bones/40/tail_direction = 0
bones/40/reference_pose = Transform3D(0.999993, -0.00363189, 3.10241e-07, 0.00363189, 0.999994, 1.26804e-09, -3.10244e-07, -1.41273e-10, 1, 5.12226e-09, 1.01055, 4.66294e-15)
bones/40/handle_offset = Vector2(0.106216, 0.481707)
bones/40/group = &""
bones/40/require = false
bones/41/bone_name = &"Hand1_r"
bones/41/bone_parent = &"Arm14_r"
bones/41/tail_direction = 0
bones/41/reference_pose = Transform3D(0.999985, -0.00553811, -8.5803e-08, 0.00553811, 0.999985, 1.45848e-09, 8.57936e-08, -1.93364e-09, 1, 2.32859e-10, 1.00152, 7.21645e-15)
bones/41/handle_offset = Vector2(0.0780448, 0.481663)
bones/41/group = &""
bones/41/require = false
bones/42/bone_name = &"Hand2_r"
bones/42/bone_parent = &"Hand1_r"
bones/42/tail_direction = 0
bones/42/reference_pose = Transform3D(0.999999, -0.00127622, -2.766e-07, 0.00127622, 0.999999, -1.69389e-11, 2.766e-07, -3.36062e-10, 1, -4.65644e-10, 0.567824, 3.33067e-15)
bones/42/handle_offset = Vector2(0.062073, 0.481726)
bones/42/group = &""
bones/42/require = false
bones/43/bone_name = &"Tip_r"
bones/43/bone_parent = &"Hand2_r"
bones/43/tail_direction = 0
bones/43/reference_pose = Transform3D(0.999986, 0.00522827, 2.23107e-07, -0.00522827, 0.999986, -1.09719e-09, -2.2311e-07, -6.92917e-11, 1, 5.58792e-09, 0.42922, -1.21014e-14)
bones/43/handle_offset = Vector2(0.05, 0.481789)
bones/43/group = &""
bones/43/require = false
bones/44/bone_name = &"HipB_l"
bones/44/bone_parent = &""
bones/44/tail_direction = 0
bones/44/reference_pose = Transform3D(-0.517832, 0.663535, 0.539974, 0.434653, -0.339586, 0.834121, 0.736836, 0.666636, -0.11256, 0, -0.401713, 0)
bones/44/handle_offset = Vector2(0.5, 0.492866)
bones/44/group = &""
bones/44/require = false
bones/45/bone_name = &"LegB1_l"
bones/45/bone_parent = &"HipB_l"
bones/45/tail_direction = 0
bones/45/reference_pose = Transform3D(0.936572, -0.147446, 0.317952, 0.065025, 0.964551, 0.255759, -0.344391, -0.218862, 0.912959, 0, 0.739552, -7.45058e-08)
bones/45/handle_offset = Vector2(0.513803, 0.499931)
bones/45/group = &""
bones/45/require = false
bones/46/bone_name = &"LegB2_l"
bones/46/bone_parent = &"LegB1_l"
bones/46/tail_direction = 0
bones/46/reference_pose = Transform3D(0.999576, 0.0273148, -0.0101243, -0.026813, 0.998546, 0.0467637, 0.011387, -0.0464724, 0.998855, 4.65661e-08, 0.488259, 5.96046e-08)
bones/46/handle_offset = Vector2(0.522018, 0.507816)
bones/46/group = &""
bones/46/require = false
bones/47/bone_name = &"LegB3_l"
bones/47/bone_parent = &"LegB2_l"
bones/47/tail_direction = 0
bones/47/reference_pose = Transform3D(0.998663, 0.0106686, -0.0505722, -0.00913125, 0.999492, 0.0305327, 0.0508723, -0.0300301, 0.998254, -2.98023e-08, 0.436956, 1.49012e-07)
bones/47/handle_offset = Vector2(0.528865, 0.515295)
bones/47/group = &""
bones/47/require = false
bones/48/bone_name = &"LegB4_l"
bones/48/bone_parent = &"LegB3_l"
bones/48/tail_direction = 0
bones/48/reference_pose = Transform3D(0.99777, 0.0174914, 0.0644135, -0.0132011, 0.997703, -0.06644, -0.0654277, 0.0654415, 0.995709, 0, 0.446203, 8.84756e-08)
bones/48/handle_offset = Vector2(0.535566, 0.523207)
bones/48/group = &""
bones/48/require = false
bones/49/bone_name = &"LegB5_l"
bones/49/bone_parent = &"LegB4_l"
bones/49/tail_direction = 0
bones/49/reference_pose = Transform3D(0.999925, -0.0121897, -0.00116139, 0.0121972, 0.999903, 0.00673767, 0.00107915, -0.00675133, 0.999977, -9.68575e-08, 0.467937, -2.98023e-08)
bones/49/handle_offset = Vector2(0.542936, 0.530794)
bones/49/group = &""
bones/49/require = false
bones/50/bone_name = &"FootB1_l"
bones/50/bone_parent = &"LegB5_l"
bones/50/tail_direction = 0
bones/50/reference_pose = Transform3D(0.999616, -0.0275838, 0.00254672, 0.0275642, 0.999592, 0.00741847, -0.00275031, -0.00734542, 0.999969, 1.15484e-07, 0.409534, -4.47035e-08)
bones/50/handle_offset = Vector2(0.549439, 0.537514)
bones/50/group = &""
bones/50/require = false
bones/51/bone_name = &"FootB2_l"
bones/51/bone_parent = &"FootB1_l"
bones/51/tail_direction = 0
bones/51/reference_pose = Transform3D(0.999029, -0.0144307, -0.0416373, 0.0175347, 0.997016, 0.0751743, 0.0404283, -0.0758314, 0.996301, 7.07805e-08, 0.279731, 4.47035e-08)
bones/51/handle_offset = Vector2(0.553992, 0.542174)
bones/51/group = &""
bones/51/require = false
bones/52/bone_name = &"TipB_l"
bones/52/bone_parent = &"FootB2_l"
bones/52/tail_direction = 0
bones/52/reference_pose = Transform3D(0.978305, 0.186407, 0.0903978, -0.161493, 0.959497, -0.230835, -0.129766, 0.211228, 0.968785, 2.45869e-07, 0.18303, 8.9407e-08)
bones/52/handle_offset = Vector2(0.556809, 0.545534)
bones/52/group = &""
bones/52/require = false
bones/53/bone_name = &"HipF_l"
bones/53/bone_parent = &""
bones/53/tail_direction = 0
bones/53/reference_pose = Transform3D(0.472296, 0.695393, 0.541632, -0.4233, -0.360049, 0.831373, 0.773146, -0.621927, 0.124311, 0, -0.401713, 0)
bones/53/handle_offset = Vector2(0.5, 0.492866)
bones/53/group = &""
bones/53/require = false
bones/54/bone_name = &"LegF1_l"
bones/54/bone_parent = &"HipF_l"
bones/54/tail_direction = 0
bones/54/reference_pose = Transform3D(0.942903, 0.0021898, -0.33306, 0.0832946, 0.966653, 0.242165, 0.322484, -0.25608, 0.911278, 4.47035e-08, 0.714424, 1.86265e-08)
bones/54/handle_offset = Vector2(0.513974, 0.500102)
bones/54/group = &""
bones/54/require = false
bones/55/bone_name = &"LegF2_l"
bones/55/bone_parent = &"LegF1_l"
bones/55/tail_direction = 0
bones/55/reference_pose = Transform3D(0.995204, 0.097399, 0.00914058, -0.0977398, 0.993911, 0.0508782, -0.00412944, -0.0515276, 0.998663, 7.45058e-09, 0.498969, 5.96046e-08)
bones/55/handle_offset = Vector2(0.521477, 0.507988)
bones/55/group = &""
bones/55/require = false
bones/56/bone_name = &"LegF3_l"
bones/56/bone_parent = &"LegF2_l"
bones/56/tail_direction = 0
bones/56/reference_pose = Transform3D(0.999096, -0.0418795, 0.00724995, 0.0419212, 0.999105, -0.00569384, -0.007005, 0.00599262, 0.999958, 7.63685e-08, 0.431653, -1.3411e-07)
bones/56/handle_offset = Vector2(0.528413, 0.515466)
bones/56/group = &""
bones/56/require = false
bones/57/bone_name = &"LegF4_l"
bones/57/bone_parent = &"LegF3_l"
bones/57/tail_direction = 0
bones/57/reference_pose = Transform3D(0.999659, -0.0158349, -0.0207687, 0.0150408, 0.99917, -0.0378521, 0.0213509, 0.0375268, 0.999068, 0, 0.464043, 1.04308e-07)
bones/57/handle_offset = Vector2(0.535566, 0.523378)
bones/57/group = &""
bones/57/require = false
bones/58/bone_name = &"LegF5_l"
bones/58/bone_parent = &"LegF4_l"
bones/58/tail_direction = 0
bones/58/reference_pose = Transform3D(0.999148, 0.0412439, 0.00148934, -0.0412645, 0.998974, 0.0186442, -0.000718855, -0.0186898, 0.999825, 1.49012e-08, 0.469854, -1.3411e-07)
bones/58/handle_offset = Vector2(0.542936, 0.530965)
bones/58/group = &""
bones/58/require = false
bones/59/bone_name = &"FootF1_l"
bones/59/bone_parent = &"LegF5_l"
bones/59/tail_direction = 0
bones/59/reference_pose = Transform3D(0.999528, -0.0306402, -0.00241413, 0.0305956, 0.999391, -0.0167416, 0.00292563, 0.0166599, 0.999857, 1.22935e-07, 0.402168, -1.49012e-07)
bones/59/handle_offset = Vector2(0.549439, 0.537685)
bones/59/group = &""
bones/59/require = false
bones/60/bone_name = &"FootF2_l."
bones/60/bone_parent = &"FootF1_l"
bones/60/tail_direction = 0
bones/60/reference_pose = Transform3D(0.99704, 0.0625101, 0.0447564, -0.0664746, 0.993408, 0.0933906, -0.0386235, -0.0960893, 0.994623, -4.47035e-08, 0.28713, -5.96046e-08)
bones/60/handle_offset = Vector2(0.553992, 0.542345)
bones/60/group = &""
bones/60/require = false
bones/61/bone_name = &"TipF_l"
bones/61/bone_parent = &"FootF2_l."
bones/61/tail_direction = 0
bones/61/reference_pose = Transform3D(0.995086, -0.0277063, -0.0950523, 0.0112591, 0.985485, -0.169385, 0.0983657, 0.167483, 0.980955, -1.49012e-08, 0.181369, -1.49012e-08)
bones/61/handle_offset = Vector2(0.55681, 0.545705)
bones/61/group = &""
bones/61/require = false
bones/62/bone_name = &"HipB_r"
bones/62/bone_parent = &""
bones/62/tail_direction = 0
bones/62/reference_pose = Transform3D(-0.517832, -0.663535, -0.539974, -0.434653, -0.339586, 0.834121, -0.736836, 0.666636, -0.11256, 0, -0.401713, 0)
bones/62/handle_offset = Vector2(0.5, 0.492866)
bones/62/group = &""
bones/62/require = false
bones/63/bone_name = &"LegB1_r"
bones/63/bone_parent = &"HipB_r"
bones/63/tail_direction = 0
bones/63/reference_pose = Transform3D(0.936572, 0.147446, -0.317952, -0.065025, 0.964551, 0.255759, 0.344391, -0.218862, 0.912959, 0, 0.739552, -7.45058e-08)
bones/63/handle_offset = Vector2(0.486197, 0.499931)
bones/63/group = &""
bones/63/require = false
bones/64/bone_name = &"LegB2_r"
bones/64/bone_parent = &"LegB1_r"
bones/64/tail_direction = 0
bones/64/reference_pose = Transform3D(0.999576, -0.0273148, 0.0101243, 0.026813, 0.998546, 0.0467637, -0.011387, -0.0464724, 0.998855, -4.65661e-08, 0.488259, 5.96046e-08)
bones/64/handle_offset = Vector2(0.477982, 0.507816)
bones/64/group = &""
bones/64/require = false
bones/65/bone_name = &"LegB3_r"
bones/65/bone_parent = &"LegB2_r"
bones/65/tail_direction = 0
bones/65/reference_pose = Transform3D(0.998663, -0.0106686, 0.0505722, 0.00913125, 0.999492, 0.0305327, -0.0508723, -0.0300301, 0.998254, 2.98023e-08, 0.436956, 1.49012e-07)
bones/65/handle_offset = Vector2(0.471135, 0.515295)
bones/65/group = &""
bones/65/require = false
bones/66/bone_name = &"LegB4_r"
bones/66/bone_parent = &"LegB3_r"
bones/66/tail_direction = 0
bones/66/reference_pose = Transform3D(0.99777, -0.0174914, -0.0644135, 0.0132011, 0.997703, -0.06644, 0.0654277, 0.0654415, 0.995709, 0, 0.446203, 8.84756e-08)
bones/66/handle_offset = Vector2(0.464434, 0.523207)
bones/66/group = &""
bones/66/require = false
bones/67/bone_name = &"LegB5_r"
bones/67/bone_parent = &"LegB4_r"
bones/67/tail_direction = 0
bones/67/reference_pose = Transform3D(0.999925, 0.0121897, 0.00116139, -0.0121972, 0.999903, 0.00673767, -0.00107915, -0.00675133, 0.999977, 9.68575e-08, 0.467937, -2.98023e-08)
bones/67/handle_offset = Vector2(0.457064, 0.530794)
bones/67/group = &""
bones/67/require = false
bones/68/bone_name = &"FootB1_r"
bones/68/bone_parent = &"LegB5_r"
bones/68/tail_direction = 0
bones/68/reference_pose = Transform3D(0.999616, 0.0275838, -0.00254672, -0.0275642, 0.999592, 0.00741847, 0.00275031, -0.00734542, 0.999969, -1.15484e-07, 0.409534, -4.47035e-08)
bones/68/handle_offset = Vector2(0.450561, 0.537514)
bones/68/group = &""
bones/68/require = false
bones/69/bone_name = &"FootB2_r"
bones/69/bone_parent = &"FootB1_r"
bones/69/tail_direction = 0
bones/69/reference_pose = Transform3D(0.999029, 0.0144307, 0.0416373, -0.0175347, 0.997016, 0.0751743, -0.0404283, -0.0758314, 0.996301, -7.07805e-08, 0.279731, 4.47035e-08)
bones/69/handle_offset = Vector2(0.446008, 0.542174)
bones/69/group = &""
bones/69/require = false
bones/70/bone_name = &"TipB_r"
bones/70/bone_parent = &"FootB2_r"
bones/70/tail_direction = 0
bones/70/reference_pose = Transform3D(0.978305, -0.186407, -0.0903978, 0.161493, 0.959497, -0.230835, 0.129766, 0.211228, 0.968785, -2.45869e-07, 0.18303, 8.9407e-08)
bones/70/handle_offset = Vector2(0.443191, 0.545534)
bones/70/group = &""
bones/70/require = false
bones/71/bone_name = &"HipF_r"
bones/71/bone_parent = &""
bones/71/tail_direction = 0
bones/71/reference_pose = Transform3D(0.472296, -0.695393, -0.541632, 0.4233, -0.360049, 0.831373, -0.773146, -0.621927, 0.124311, 0, -0.401713, 0)
bones/71/handle_offset = Vector2(0.5, 0.492866)
bones/71/group = &""
bones/71/require = false
bones/72/bone_name = &"LegF1_r"
bones/72/bone_parent = &"HipF_r"
bones/72/tail_direction = 0
bones/72/reference_pose = Transform3D(0.942903, -0.0021898, 0.33306, -0.0832946, 0.966653, 0.242165, -0.322484, -0.25608, 0.911278, -4.47035e-08, 0.714424, 1.86265e-08)
bones/72/handle_offset = Vector2(0.486026, 0.500102)
bones/72/group = &""
bones/72/require = false
bones/73/bone_name = &"LegF2_r"
bones/73/bone_parent = &"LegF1_r"
bones/73/tail_direction = 0
bones/73/reference_pose = Transform3D(0.995204, -0.097399, -0.00914058, 0.0977398, 0.993911, 0.0508782, 0.00412944, -0.0515276, 0.998663, -7.45058e-09, 0.498969, 5.96046e-08)
bones/73/handle_offset = Vector2(0.478524, 0.507988)
bones/73/group = &""
bones/73/require = false
bones/74/bone_name = &"LegF3_r"
bones/74/bone_parent = &"LegF2_r"
bones/74/tail_direction = 0
bones/74/reference_pose = Transform3D(0.999096, 0.0418795, -0.00724995, -0.0419212, 0.999105, -0.00569384, 0.007005, 0.00599262, 0.999958, -7.63685e-08, 0.431653, -1.3411e-07)
bones/74/handle_offset = Vector2(0.471587, 0.515466)
bones/74/group = &""
bones/74/require = false
bones/75/bone_name = &"LegF4_r"
bones/75/bone_parent = &"LegF3_r"
bones/75/tail_direction = 0
bones/75/reference_pose = Transform3D(0.999659, 0.0158349, 0.0207687, -0.0150408, 0.99917, -0.0378521, -0.0213509, 0.0375268, 0.999068, 0, 0.464043, 1.04308e-07)
bones/75/handle_offset = Vector2(0.464434, 0.523378)
bones/75/group = &""
bones/75/require = false
bones/76/bone_name = &"LegF5_r"
bones/76/bone_parent = &"LegF4_r"
bones/76/tail_direction = 0
bones/76/reference_pose = Transform3D(0.999148, -0.0412439, -0.00148934, 0.0412645, 0.998974, 0.0186442, 0.000718855, -0.0186898, 0.999825, -1.49012e-08, 0.469854, -1.3411e-07)
bones/76/handle_offset = Vector2(0.457064, 0.530965)
bones/76/group = &""
bones/76/require = false
bones/77/bone_name = &"FootF1_r"
bones/77/bone_parent = &"LegF5_r"
bones/77/tail_direction = 0
bones/77/reference_pose = Transform3D(0.999528, 0.0306402, 0.00241413, -0.0305956, 0.999391, -0.0167416, -0.00292563, 0.0166599, 0.999857, -1.22935e-07, 0.402168, -1.49012e-07)
bones/77/handle_offset = Vector2(0.450561, 0.537685)
bones/77/group = &""
bones/77/require = false
bones/78/bone_name = &"FootF2_r"
bones/78/bone_parent = &"FootF1_r"
bones/78/tail_direction = 0
bones/78/reference_pose = Transform3D(0.99704, -0.0625101, -0.0447564, 0.0664746, 0.993408, 0.0933906, 0.0386235, -0.0960893, 0.994623, 4.47035e-08, 0.28713, -5.96046e-08)
bones/78/handle_offset = Vector2(0.446008, 0.542345)
bones/78/group = &""
bones/78/require = false
bones/79/bone_name = &"TipF_r"
bones/79/bone_parent = &"FootF2_r"
bones/79/tail_direction = 0
bones/79/reference_pose = Transform3D(0.995086, 0.0277063, 0.0950523, -0.0112591, 0.985485, -0.169385, -0.0983657, 0.167483, 0.980955, 1.49012e-08, 0.181369, -1.49012e-08)
bones/79/handle_offset = Vector2(0.44319, 0.545705)
bones/79/group = &""
bones/79/require = false
bones/80/bone_name = &"neutral_bone"
bones/80/bone_parent = &""
bones/80/tail_direction = 0
bones/80/reference_pose = Transform3D(1, 0, 0, 0, 0, 1, 0, -1, 0, 0, 0, 0)
bones/80/handle_offset = Vector2(0.5, 0.481567)
bones/80/group = &""
bones/80/require = false
